70
21
2
2
29
39
67
12
97
38
26
8
83
15
5
5
33
92
97
34
76
8
88
57
76
2
12
71
59
62
38
78
52
72
64
63
92
10
53
95
88
44
35
90
67
51
64
52
88
87
45
37
11
54
27
71
48
39
76
89
52
36
90
98
56
61
76
89
42
56
50
81
59
61
70
30
67
83
89
31
63
18
5
77
40
6
26
93
5
65
52
66
71
44
82
4
79
66
37
21
86
39
12
25
4
5
8
73
90
9
49
28
29
36
68
91
57
52
37
71
12
51
44
34
44
72
23
38
39
50
83
18
48
41
16
11
5
46
20
34
89
87
76
53
24
53
10
15
26
76
63
10
43
49
52
76
98
98
1
58
26
82
38
18
98
99
6
67
96
50
54
63
63
99
14
41
23
26
59
8
76
81
73
77
32
92
85
57
86
15
8
91
10
76
54
29
45
1
77
13
63
41
71
41
61
27
99
56
50
82
32
63
98
69
91
76
82
11
26
57
47
11
23
89
56
80
16
65
64
11
42
26
92
34
73
67
39
76
26
14
1
90
76
68
1
75
93
27
72
91
40
51
90
47
83
72
65
60
11
88
20
17
54
69
21
93
6
90
60
50
0
35
60
13
27
98
65
6
70
2
88
19
18
4
30
24
96
97
15
59
48
59
28
27
14
9
29
27
98
58
93
29
5
68
27
20
26
22
57
91
43
69
92
99
56
39
4
41
98
46
88
26
54
45
14
65
61
40
67
67
99
74
13
1
61
7
86
17
36
20
54
42
12
1
18
44
46
37
11
33
53
77
35
99
88
75
54
14
77
29
5
85
47
83
96
29
27
58
33
39
77
31
7
67
45
36
61
25
76
42
16
12
60
21
75
82
1
61
85
44
12
45
86
90
6
85
71
43
8
28
57
23
29
12
24
34
90
0
37
71
63
22
63
25
80
34
46
86
70
66
6
89
56
98
78
70
30
99
62
62
16
29
60
75
17
59
55
59
54
44
41
61
18
24
31
26
33
24
83
67
17
87
98
23
9
6
16
51
29
62
24
25
3
33
47
79
84
15
21
82
34
72
63
16
22
25
96
13
63
63
49
74
81
83
41
20
5
67
86
76
70
54
98
33
25
33
54
2
14
73
17
67
74
57
78
38
77
88
43
72
21
68
82
2
31
20
74
81
30
87
71
18
5
18
91
71
89
35
33
76
7
69
52
49
18
29
62
2
53
66
52
93
77
81
65
87
89
56
1
74
89
89
67
35
83
79
72
45
36
49
93
46
20
22
1
46
89
62
59
33
78
7
90
93
29
76
42
70
25
55
35
43
94
26
26
11
83
17
57
24
98
74
28
31
72
61
70
60
85
27
13
53
62
47
1
8
58
80
24
6
38
30
40
60
69
84
8
20
77
15
92
20
87
38
15
51
0
14
47
17
56
48
88
98
19
77
98
38
27
49
37
36
85
17
95
49
77
44
17
97
29
14
48
25
23
49
3
31
30
96
29
27
46
29
80
7
28
26
53
75
70
83
92
95
9
76
41
42
0
79
45
15
8
26
47
99
85
35
58
7
4
8
83
91
49
14
53
92
81
81
65
19
33
23
73
0
14
34
73
94
0
48
44
84
45
14
41
17
2
1
50
53
21
9
90
21
3
43
55
70
27
71
83
77
49
87
36
18
32
48
16
15
49
43
22
0
4
87
59
97
62
21
13
39
34
85
2
13
90
25
82
32
53
76
86
27
10
13
69
1
52
50
53
39
57
24
99
49
94
92
65
49
17
57
29
29
58
17
50
35
56
59
54
58
59
67
27
19
43
76
72
74
73
75
97
35
26
11
35
98
98
39
54
15
14
0
44
18
81
96
74
59
21
33
95
1
22
69
93
75
13
96
49
80
75
24
39
24
49
57
47
4
36
70
22
65
50
94
56
30
7
16
24
21
95
55
30
37
97
38
21
33
85
93
12
64
26
92
12
72
62
84
9
81
64
49
91
32
25
88
23
70
21
18
9
52
48
69
73
84
16
77
75
94
68
32
53
28
39
4
75
48
33
54
70
85
83
13
82
73
55
4
75
65
2
89
51
26
1
63
97
73
75
75
78
66
13
91
28
35
21
48
57
16
69
38
50
95
44
30
93
94
39
12
63
4
22
79
50
89
90
90
38
41
67
48
30
33
46
8
6
63
88
19
30
16
12
84
38
67
15
32
20
16
43
86
18
98
9
89
97
66
7
52
25
6
30
43
0
19
53
62
29
68
93
75
85
55
96
36
